0 0.13774999999999998 0.108125 0.13799999999999998 0.11241666718750001 0.13774999999999998 0.11737500000000001 0.13899999999999998 0.1213333328125 0.14096875 0.12068749999999999 0.14146875 0.1177083328125 0.14121875 0.1150625 0.14121875 0.11241666718750001 0.14146875 0.1087916671875 0.1451875 0.1077916671875 0.143953125 0.1058125 0.14221875 0.1031666671875 0.14171875 0.0995416671875 0.139984375 0.0978958328125 0.13874999999999998 0.0985416671875 0.13774999999999998 0.10118750000000001 0.13774999999999998 0.1041666671875 0.137515625 0.1018541671875 0.137015625 0.1045 0.13774999999999998 0.108125
0 0.29625 0.0685 0.29625 0.0673958328125 0.2950625 0.0648333328125 0.29240625 0.06460416718749999 0.290671875 0.0661875 0.28976562499999997 0.068625 0.2885625 0.0723958328125 0.286375 0.0731458328125 0.28317187499999996 0.0749583328125 0.284265625 0.0767916671875 0.2865625 0.0777708328125 0.28893749999999996 0.0793541671875 0.29359375 0.0808333328125 0.2940625 0.083625 0.29771875 0.0847291671875 0.29771875 0.0793541671875 0.2978125 0.078375 0.29881250000000004 0.0755833328125 0.298546875 0.07179166718749999 0.29753124999999997 0.0700833328125 0.29625 0.0685
0 0.397046875 0.1010416671875 0.394125 0.09733333281249999 0.3915 0.09585416718749999 0.3896875 0.0930833328125 0.387203125 0.095125 0.388171875 0.1008541671875 0.387609375 0.10435416718749999 0.387890625 0.10787500000000001 0.390390625 0.1075 0.391359375 0.1021458328125 0.392328125 0.10658333281250001 0.39275000000000004 0.1145416671875 0.391078125 0.1176666671875 0.3921875 0.1195208328125 0.39315625 0.12027083281249999 0.395796875 0.1198958328125 0.3959375 0.1187916671875 0.395796875 0.11841666718749999 0.395375 0.11174999999999999 0.39565625 0.1101041671875 0.39718749999999997 0.10602083281250001 0.397046875 0.1010416671875
0 0.412515625 0.08625000000000001 0.410546875 0.0905416671875 0.409296875 0.0941041671875 0.40895312500000003 0.09862499999999999 0.41109375000000004 0.09910416718750001 0.41090625000000003 0.10647916718749999 0.411796875 0.1121875 0.41537499999999994 0.1121875 0.416078125 0.103375 0.41840625 0.09506250000000001 0.41662499999999997 0.09125 0.41643749999999996 0.08839583281249999 0.41643749999999996 0.0891041671875 0.41518750000000004 0.0865 0.412515625 0.08625000000000001
0 0.38953125 0.061625 0.388078125 0.060333332812499994 0.38275000000000003 0.0687291671875 0.383234375 0.0764583328125 0.381296875 0.0803333328125 0.383234375 0.0829166671875 0.388078125 0.0719583328125 0.38953125 0.061625
0 0.34045312499999997 0.0900833328125 0.336765625 0.0988125 0.336765625 0.10647916718749999 0.33390624999999996 0.11358333281249999 0.34168750000000003 0.1157708328125 0.343328125 0.0911666671875 0.34045312499999997 0.0900833328125
0 0.3739375 0.0585208328125 0.375359375 0.0555416671875 0.375359375 0.0517708328125 0.3723125 0.0512291671875 0.370296875 0.0555416671875 0.36907812500000003 0.05933333281249999 0.36907812500000003 0.0639166671875 0.36765625 0.0671666671875 0.368671875 0.0682291671875 0.3723125 0.0647291671875 0.374140625 0.0609375 0.3755625 0.059875 0.3739375 0.0585208328125
0 0.485734375 0.1281875 0.48910937499999996 0.12854166718749999 0.48989062499999997 0.12645833281250002 0.49195312500000005 0.130625 0.49378124999999995 0.126125 0.49403125000000003 0.1209375 0.494546875 0.1136666671875 0.494546875 0.1102083328125 0.49403125000000003 0.1071041671875 0.48989062499999997 0.11297916718750001 0.48859375 0.1164375 0.4880625 0.1226666671875 0.485734375 0.1281875
0 0.29340625 0.09522916718749999 0.29340625 0.0992708328125 0.2924375 0.1011458328125 0.28853125 0.1021666671875 0.290046875 0.1059166671875 0.30293749999999997 0.10706249999999999 0.303484375 0.1050416671875 0.29893749999999997 0.1021666671875 0.297515625 0.0997083328125 0.295796875 0.09625 0.295140625 0.095375 0.29426562500000003 0.0945 0.29340625 0.09522916718749999
0 0.23926562499999998 0.1071041671875 0.24117187499999998 0.1071041671875 0.240640625 0.0987916671875 0.24359375 0.0969583328125 0.24323437499999997 0.09164583281250001 0.240296875 0.08887500000000001 0.239953125 0.085875 0.23753125000000003 0.08541666718749999 0.23718750000000002 0.0900416671875 0.234078125 0.09418750000000001 0.23528125000000003 0.09810416718750001 0.236671875 0.0990208328125 0.23337500000000003 0.1041041671875 0.234765625 0.1057291671875 0.2385625 0.1011041671875 0.23926562499999998 0.1071041671875
0 0.319484375 0.6441458328125 0.323375 0.6727291671875 0.34090625 0.7012916671875 0.3584375 0.716875 0.37403125 0.716875 0.3818125 0.7090833328125 0.39740625 0.6909166671875 0.44415625 0.6675416671875001 0.46364062500000003 0.64675 0.475328125 0.6493541671874999 0.487015625 0.6571458328124999 0.498703125 0.6779166671875 0.5025937500000001 0.7012916671875 0.51234375 0.7324583328125 0.5181875 0.7584375 0.5435 0.7922083328125 0.60584375 0.8181875 0.6311718749999999 0.8181875 0.66234375 0.8026041671874999 0.695453125 0.7818125 0.7012968749999999 0.7688333328125 0.7285781250000001 0.7350625 0.75 0.7142916671874999 0.7597343750000001 0.6805208328125001 0.7714218749999999 0.6441458328125 0.7714218749999999 0.623375 0.7636406250000001 0.5896041671875001 0.7636406250000001 0.5636458328125 0.7733749999999999 0.5246666671875 0.781171875 0.5065000000000001 0.783109375 0.4961041671875 0.7987031250000001 0.470125 0.7987031250000001 0.4519583328125 0.7850625 0.43116666718749996 0.783109375 0.42337499999999995 0.777265625 0.40260416718750003 0.76753125 0.40260416718750003 0.7733749999999999 0.3896041671875 0.777265625 0.3792291671875 0.777265625 0.3688333328125 0.777265625 0.34025 0.7714218749999999 0.3142916671875 0.7636406250000001 0.3038958328125 0.734421875 0.2961041671875 0.716890625 0.3038958328125 0.7032499999999999 0.316875 0.6876562500000001 0.3350625 0.67403125 0.3480416671875 0.6681874999999999 0.36104166718749997 0.6681874999999999 0.3870208328125 0.6662343749999999 0.41558333281250004 0.6662343749999999 0.4415625 0.660390625 0.45454166718750005 0.6545468750000001 0.470125 0.637015625 0.4883125 0.613640625 0.5065000000000001 0.6 0.5194791671875 0.5883125 0.5350625 0.572734375 0.5636458328125 0.56103125 0.5662291671874999 0.5318125 0.5688333328125 0.522078125 0.5688333328125 0.5065000000000001 0.5610416671875 0.48896875 0.5454583328125 0.47921874999999997 0.5454583328125 0.4149375 0.5844166671875 0.3935 0.5844166671875 0.37403125 0.5740208328125 0.366234375 0.5558541671875 0.34090625 0.5558541671875 0.34090625 0.5610416671875 0.327265625 0.5818125000000001 0.327265625 0.5896041671875001 0.327265625 0.6077916671875 0.319484375 0.6441458328125
0 0.2528125 0.10893749999999999 0.2528125 0.11297916718750001 0.25793750000000004 0.11420833281250001 0.26003125 0.11420833281250001 0.26003125 0.11141666718750001 0.25979687500000004 0.10614583281250001 0.260734375 0.1008541671875 0.25909375 0.0940208328125 0.258859375 0.0921666671875 0.25582812499999996 0.0909166671875 0.25490625 0.0918541671875 0.25490625 0.0955833328125 0.255140625 0.1011666671875 0.255140625 0.1058333328125 0.2528125 0.10893749999999999
0 0.37840625 0.0744166671875 0.377234375 0.0700416671875 0.374421875 0.0725416671875 0.374421875 0.07504166718750001 0.37489062500000003 0.0803541671875 0.37512500000000004 0.0822291671875 0.37278125 0.0862916671875 0.37301562499999996 0.0903541671875 0.37559375 0.09066666718750001 0.377703125 0.0903541671875 0.3779375 0.08941666718749999 0.377234375 0.0831666671875 0.37934375 0.0800416671875 0.3798125 0.0778541671875 0.37840625 0.0744166671875
0 0.29140625 0.09296875 0.3984375 0.11015625