0 0.5733125 0.7000233640625 0.5757656250000001 0.70551401875 0.576171875 0.7094859812500001 0.574734375 0.7149766359374999 0.5755625 0.718644859375 0.576375 0.7198598125 0.579234375 0.7217056078125 0.5814843749999999 0.7198598125 0.5800468750000001 0.7177336453125001 0.5794374999999999 0.7149766359374999 0.58290625 0.7107009343749999 0.583109375 0.7030841125 0.580859375 0.6948364484375 0.581890625 0.6926869156250001 0.582703125 0.6899532703125 0.5825 0.683855140625 0.579640625 0.6780373828124999 0.577796875 0.6716355140625 0.57596875 0.6719392515625 0.5749375 0.6765186921875 0.5757656250000001 0.6795794390625 0.571890625 0.691168225 0.571671875 0.6948364484375 0.5733125 0.7000233640625
0 0.573984375 0.688785046875 0.574359375 0.6867523359375001 0.574234375 0.68640186875 0.57225 0.6847196265625 0.571515625 0.6836214953125 0.5705312499999999 0.6786448593750001 0.5705312499999999 0.6760514015625 0.5685625 0.676425234375 0.566453125 0.675700934375 0.5660937500000001 0.6758644859375 0.56571875 0.6827102796875 0.56571875 0.684369159375 0.5646093750000001 0.6869392515625 0.563984375 0.6882242984375 0.563984375 0.6959813078125 0.5641093749999999 0.6972663546875 0.57078125 0.6945093453125 0.571890625 0.6943224296875 0.573984375 0.688785046875
0 0.75890625 0.8176635515624999 0.75890625 0.8136915890624999 0.7581562500000001 0.8091355140625 0.755875 0.81140186875 0.75625 0.814813084375 0.7535937500000001 0.8188084109375 0.752453125 0.8261915890625 0.759296875 0.8273364484375 0.760046875 0.8250467296874999 0.7604375 0.82051401875 0.75890625 0.8176635515624999
0 0.62715625 0.6957476640625 0.62715625 0.6897897203125 0.62803125 0.6791822437499999 0.625671875 0.6758644859375 0.62596875 0.6718925234374999 0.624203125 0.669672896875 0.62228125 0.670116821875 0.620953125 0.6729906546875 0.617546875 0.6782943921875 0.618140625 0.6882242984375 0.618140625 0.6944158875 0.6212500000000001 0.715630840625 0.6216875 0.715630840625 0.6265625 0.715630840625 0.62715625 0.6957476640625
0 0.55659375 0.68948598125 0.5561875 0.691074765625 0.555609375 0.6939953265625001 0.555359375 0.6967056078125 0.55340625 0.7017056078125 0.5516875 0.703668225 0.552171875 0.7112383171875 0.5515156250000001 0.7127102796875 0.554296875 0.7134345796875 0.55659375 0.7134345796875 0.5578125 0.7124766359375 0.558390625 0.705186915625 0.559453125 0.7025 0.562640625 0.7006542062500001 0.563625 0.7004205609375 0.56403125 0.699556075 0.5646093750000001 0.69588785 0.5644375 0.6928271031250001 0.5646093750000001 0.69088785 0.5641093749999999 0.686588784375 0.562796875 0.6845093453125 0.5621562499999999 0.6813317750000001 0.5610937500000001 0.67742990625 0.559375 0.6767056078125 0.5580625 0.67742990625 0.55725 0.681168225 0.557078125 0.6833644859375 0.557328125 0.6848364484375 0.557328125 0.686658878125 0.55659375 0.68948598125
0 0.5253125 0.6919392515625 0.5253125 0.6867757015625 0.5253125 0.6854906546875 0.524453125 0.6816121500000001 0.52315625 0.677102803125 0.519703125 0.677102803125 0.5175468750000001 0.680327103125 0.517109375 0.6816121500000001 0.516671875 0.6854906546875 0.515390625 0.6887149531250001 0.5175468750000001 0.697757009375 0.519703125 0.7029205609375 0.5205625 0.709369159375 0.5205625 0.720327103125 0.52228125 0.71904205625 0.523578125 0.71581775625 0.5253125 0.6919392515625
0 0.530390625 0.7129205609375 0.5325624999999999 0.7139953265625001 0.534734375 0.7125467296875 0.5364375 0.7056775703125 0.5364375 0.69845794375 0.53740625 0.6959345796874999 0.5415 0.6934112156250001 0.5434375 0.692313084375 0.5473125 0.6890654203125 0.545125 0.68654205625 0.538125 0.68581775625 0.53715625 0.68257009375 0.536671875 0.678574765625 0.53353125 0.6807476640625 0.534984375 0.6839953265625 0.532078125 0.68581775625 0.530390625 0.6894158874999999 0.53015625 0.6934112156250001 0.526765625 0.69845794375 0.5253125 0.70315420625 0.526046875 0.7096495328125 0.526046875 0.71507009375 0.5289375 0.715443925 0.52990625 0.7129205609375 0.5291875 0.7049532703125 0.5325624999999999 0.701355140625 0.5328125 0.708925234375 0.530390625 0.7107476640625 0.530390625 0.7129205609375
0 0.8032656250000001 0.753574765625 0.8029999999999999 0.75081775625 0.802734375 0.74065420625 0.800390625 0.7336214953125 0.7956875 0.7285514015625 0.7943749999999999 0.7332476640625 0.791765625 0.7375467296875 0.7928124999999999 0.74184579375 0.794109375 0.743411215625 0.79515625 0.7453504671875 0.793328125 0.7500467296875 0.79778125 0.753574765625 0.8032656250000001 0.753574765625
0 0.605015625 0.682686915625 0.607609375 0.6755841125 0.6032968750000001 0.6755841125 0.60371875 0.682686915625 0.600703125 0.6852803734374999 0.60803125 0.6865654203125 0.6063125 0.6839719625 0.605015625 0.682686915625
0 0.6835 0.7131775703125001 0.684703125 0.7084813078125001 0.68446875 0.6998364484375 0.68278125 0.6927803734375 0.684828125 0.69315420625 0.685078125 0.6888084109375 0.68640625 0.6879205609375 0.6856718749999999 0.67962616875 0.677828125 0.6817757015625 0.675296875 0.686658878125 0.678796875 0.6927803734375 0.675296875 0.69404205625 0.6736093750000001 0.7124532703125 0.6835 0.7131775703125001
0 0.759859375 0.6789018687499999 0.757375 0.6744859812499999 0.7576875000000001 0.6702803734375 0.754875 0.6665654203125 0.752859375 0.669369159375 0.752703125 0.6740186921875 0.7520781249999999 0.676355140625 0.750671875 0.6805373828125 0.750359375 0.6849532703125 0.753015625 0.686588784375 0.7555 0.6861214953125 0.75675 0.6842523359375 0.7565937500000001 0.6835514015624999 0.759234375 0.6817056078125 0.759859375 0.6789018687499999