0 0.88238 0.72752 0.8901600000000001 0.7438133328125 0.8968400000000001 0.7453066671874999 0.8957200000000001 0.7601333328125001 0.90018 0.7630933328125 0.9079599999999999 0.80016 0.9124000000000001 0.8579733328125 0.9179600000000001 0.8594666671875 0.9357599999999999 0.8579733328125 0.9557800000000001 0.8624266671875 0.96244 0.8579733328125 0.9557800000000001 0.8520533328125 0.9490999999999999 0.84168 0.93686 0.8461066671875 0.9357599999999999 0.8327733328125 0.939316 0.8315946671875001 0.9246399999999999 0.8283333328125 0.92242 0.8149866671874999 0.93187 0.8186933328125001 0.9457599999999999 0.8164533328125 0.94466 0.8031200000000001 0.92798 0.8046133328125 0.9212999999999999 0.7912533328125 0.93631 0.7897866671875 0.94242 0.7853333328125001 0.935308 0.7758506671875 0.93909 0.7690266671875 0.934306 0.7619146671875 0.9357599999999999 0.75272 0.9324199999999999 0.7438133328125 0.932302 0.7340426671875 0.9413199999999999 0.7393733328125001 0.9468799999999999 0.7260266671875 0.9391 0.7260266671875 0.9324199999999999 0.7186133328125 0.94242 0.71416 0.92798 0.69488 0.9235200000000001 0.69192 0.9268599999999999 0.6770933328125001 0.9246399999999999 0.6682133328125001 0.91464 0.6652266671875 0.9101800000000001 0.66672 0.9079599999999999 0.6711733328125 0.9068400000000001 0.6845066671875 0.9135199999999999 0.6934133328125001 0.8935000000000001 0.70824 0.88238 0.72752
0 0.15358 0.7293333328125 0.15664 0.73056 0.16 0.7240533328125001 0.16 0.7354666671875 0.16092 0.744 0.16274 0.7501066671875 0.16734 0.7509333328125 0.16519999999999999 0.72976 0.1658 0.7142666671875 0.16244 0.7114133328125 0.16244 0.7053066671875 0.16092 0.7053066671875 0.16 0.7097866671874999 0.1603 0.7150933328125 0.15908 0.7187466671875 0.15358 0.7293333328125
0 0.7710600000000001 0.7197866671875001 0.77216 0.7194133328125 0.77286 0.71608 0.77092 0.71368 0.7703599999999999 0.712 0.77092 0.7047733328125 0.77078 0.6971733328124999 0.76966 0.6945866671875 0.7693800000000001 0.6901333328125 0.76576 0.6893866671875 0.76298 0.6916266671875 0.76284 0.6975466671875 0.76312 0.7051466671875 0.7641 0.71088 0.76438 0.7199733328125 0.76786 0.72016 0.7691 0.7164533328125 0.7710600000000001 0.7197866671875001
0 0.74318 0.7207466671875 0.75268 0.72176 0.75404 0.71504 0.7554000000000001 0.7073066671875 0.7554000000000001 0.7005866671875001 0.7538400000000001 0.6933333328125 0.7503599999999999 0.6894666671875 0.7462799999999999 0.6907466671875 0.74416 0.6954133328125 0.74552 0.7052266671874999 0.74726 0.7122133328125 0.74668 0.7173866671875 0.74318 0.7207466671875
0 0.13313999999999998 0.7358666671874999 0.13444 0.71816 0.13313999999999998 0.7096 0.12886 0.7027466671875 0.12716 0.7073066671875 0.12886 0.71416 0.12672 0.7170133328125 0.12672 0.7244533328125 0.12716 0.7398666671874999 0.12758 0.7415733328125 0.13313999999999998 0.7415733328125 0.13313999999999998 0.7358666671874999
0 0.7080599999999999 0.6924 0.7078 0.6946133328124999 0.70556 0.6977599999999999 0.70626 0.6999733328125 0.70598 0.7055466671875 0.71098 0.7072 0.7121000000000001 0.70016 0.7121000000000001 0.69832 0.71016 0.69592 0.71058 0.6944266671875 0.7096 0.69184 0.7080599999999999 0.6924
0 0.46006 0.7048 0.46074000000000004 0.7067733328125 0.45908 0.7076800000000001 0.45792 0.7089866671875 0.45692000000000005 0.71496 0.4582 0.72328 0.45898000000000005 0.7256533328125 0.45858 0.7293066671874999 0.46212 0.7337333328125 0.46230000000000004 0.7348 0.4625 0.7371466671875 0.46466 0.7348 0.46506 0.73112 0.46327999999999997 0.7287733328125 0.4629 0.7225066671875 0.46387999999999996 0.7238133328125 0.46486 0.72512 0.46543999999999996 0.7258933328125 0.46681999999999996 0.7285066671875 0.4678 0.7266933328125 0.46799999999999997 0.7238133328125 0.46740000000000004 0.7214666671875001 0.46702000000000005 0.7180533328125 0.46642 0.7157066671875 0.46799999999999997 0.7149333328125 0.46818 0.7144 0.46719999999999995 0.7091733328125 0.46642 0.7078666671875 0.46486 0.7076 0.46604 0.70656 0.46506 0.7018666671875 0.46387999999999996 0.7000266671875 0.46054000000000006 0.7002933328125 0.45990000000000003 0.70192 0.45940000000000003 0.7036800000000001 0.46006 0.7048
0 0.72072 0.71048 0.72288 0.7102133328125 0.72434 0.7077600000000001 0.7222999999999999 0.7030666671875 0.72112 0.70112 0.72004 0.69944 0.7197600000000001 0.69904 0.71994 0.6985333328125 0.72004 0.6970933328125 0.7198599999999999 0.6955199999999999 0.718 0.6951466671875 0.71712 0.6956533328125001 0.71624 0.6966933328125 0.71634 0.6980000000000001 0.71702 0.6993066671875 0.71596 0.6987733328125 0.7138 0.6995733328125 0.7133200000000001 0.7124266671874999 0.7157600000000001 0.7138666671875 0.71536 0.72376 0.71556 0.7246666671875001 0.72082 0.7246666671875001 0.72072 0.71048
0 0.48714 0.7085600000000001 0.48688000000000003 0.7054400000000001 0.48312 0.7054400000000001 0.48318000000000005 0.70864 0.48103999999999997 0.70936 0.4809 0.7164266671874999 0.48928000000000005 0.7162666671875 0.48916000000000004 0.70928 0.48714 0.7085600000000001
0 0.1113 0.7235466671874999 0.1113 0.7222133328125 0.11142 0.7182133328125 0.11142 0.7155466671874999 0.11117999999999999 0.7133866671875 0.10891999999999999 0.7115466671874999 0.10891999999999999 0.70936 0.10791999999999999 0.7065333328125 0.10666 0.7060266671875 0.10516 0.7058666671875 0.10404 0.7065333328125 0.10328 0.7080266671875 0.10342 0.7100533328124999 0.10378000000000001 0.7113866671875 0.10391999999999998 0.71456 0.1014 0.7135466671875 0.10003999999999999 0.71288 0.10054 0.71488 0.10116 0.7173866671875 0.10154 0.7192266671875001 0.10203999999999999 0.7200533328125001 0.10303999999999999 0.7215466671875 0.10303999999999999 0.7250666671875 0.10891999999999999 0.7264 0.10966000000000001 0.72472 0.1113 0.7235466671874999
0 0.030320000000000003 0.7159733328125 0.029199999999999997 0.7168266671875 0.02406 0.7191733328125001 0.02712 0.72048 0.030320000000000003 0.7202666671875 0.03322 0.71984 0.03226 0.7301066671875 0.03338 0.7316 0.0329 0.73632 0.03226 0.7414666671875 0.032740000000000005 0.74296 0.0374 0.74424 0.03996 0.7444533328125 0.04158 0.7444533328125 0.0427 0.74232 0.04254 0.7361066671875001 0.04238 0.7333333328125 0.04222 0.7253866671875 0.04222 0.71896 0.04206 0.7159733328125 0.040600000000000004 0.7104 0.03996 0.7082666671875 0.03996 0.7046133328125 0.03996 0.7043999999999999 0.0382 0.70184 0.035460000000000005 0.7026933328125 0.034339999999999996 0.7048266671875 0.0329 0.70848 0.032100000000000004 0.7114666671875 0.030320000000000003 0.7159733328125
0 0.69246 0.6979733328125 0.6913199999999999 0.6961866671875 0.6896 0.6979733328125 0.68848 0.7030133328125 0.68998 0.70784 0.6936 0.7093333328125 0.6934 0.7063200000000001 0.69302 0.7022666671875 0.69246 0.6979733328125
0 0.4546875 0.7171875 0.68203125 0.06953125