0 0.55674 0.5303303296874999 0.55824 0.6471771765625001 0.52382 0.7932732734375 0.51334 0.8269669671875001 0.52232 0.8471771765625 0.53205 0.85391891875 0.5430628578125 0.8452552546875 0.5481942859375 0.783633634375 0.5702200000000001 0.7932732734375 0.56822 0.77529529375 0.57845 0.7809009015624999 0.58668 0.7685285281249999 0.60764 0.6831531531249999 0.63008 0.7101201203125 0.65852 0.8022522515625001 0.67198 0.8112312312500001 0.67648 0.8629129125 0.66152 0.928078078125 0.65104 0.98876876875 0.799104 0.9866666671875001 0.8066866656249999 0.9715315312499999 0.80968 0.9865165171875001 0.81966 0.968528528125 0.82914 0.9820120125 0.8979799999999999 0.9663063062499999 0.927916 0.9105705703125 0.99526 0.9865165171875001 0.9353999999999999 0.8966366359375 0.803693334375 0.9565465468750001 0.7902199999999999 0.8696696703125 0.80968 0.8067267265625 0.7902199999999999 0.705615615625 0.78574 0.6584384390625 0.8022 0.6067267265625 0.73784 0.45168168125 0.69444 0.44495495468749996 0.6675 0.43369369375 0.663 0.3415615609375 0.63906 0.2988888890625 0.5821799999999999 0.312372371875 0.5702200000000001 0.38876876875 0.59116 0.4696696703125 0.5821799999999999 0.4921321328125 0.55674 0.5303303296874999
0 0.20054 0.568528528125 0.19456 0.5393393390625 0.16762 0.5415615609375 0.16164 0.5797897890625 0.14665999999999998 0.5842642640625 0.13768 0.6449549546875 0.22748 0.653933934375 0.22149999999999997 0.642702703125 0.2185 0.6134834828125 0.20054 0.568528528125
0 0.66308 0.29738738750000004 0.66696 0.3141741734375 0.67296 0.32255255312500003 0.6734 0.30642642656249997 0.6660999999999999 0.2857957953125 0.6648 0.265135134375 0.66094 0.256096096875 0.65062 0.24963963906250003 0.65362 0.23351351406249998 0.6502 0.2167267265625 0.64246 0.21351351406250002 0.63256 0.2173873875 0.62956 0.23351351406249998 0.63644 0.249009009375 0.6244 0.24834834843750003 0.6158 0.26060059999999996 0.63 0.2703003 0.62698 0.30063063125 0.63256 0.3070870875 0.65062 0.3264264265625 0.6540600000000001 0.2948048046875 0.65664 0.282552553125 0.65922 0.29093093125 0.66308 0.29738738750000004
0 0.59478 0.25378378437500004 0.5984200000000001 0.2663363359375 0.6086 0.2980480484375 0.62754 0.30078078124999996 0.6279 0.27018017968749997 0.6136999999999999 0.25924925 0.62572 0.24666666718750002 0.6362599999999999 0.2505105109375 0.6228 0.21933933906249997 0.6228 0.21552552500000002 0.6228 0.205135134375 0.61444 0.1925825828125 0.60388 0.19693693750000002 0.60024 0.20240240312500002 0.5969599999999999 0.21990990937500002 0.59368 0.22918918906250002 0.5904200000000001 0.242852853125 0.59478 0.25378378437500004
0 0.53822 0.26360360312500003 0.5368 0.25891891875 0.53652 0.246996996875 0.53566 0.2372072078125 0.53198 0.23168168125 0.52176 0.22954955 0.5144 0.2329429421875 0.51326 0.2393393390625 0.51326 0.252552553125 0.51582 0.2572372375 0.51808 0.2627627625 0.51582 0.2682882890625 0.509 0.276396396875 0.50362 0.2895795796875 0.50306 0.30831831875 0.51156 0.3023423421875 0.52092 0.300240240625 0.53084 0.30108108125 0.53368 0.29639639687499997 0.53764 0.2870270265625 0.54276 0.278528528125 0.54898 0.2751051046875 0.54728 0.271291290625 0.5436 0.2678678671875 0.53822 0.26360360312500003
0 0.36206 0.29219219218750003 0.37273999999999996 0.303303303125 0.376 0.30642642656249997 0.37954 0.290390390625 0.37748 0.278828828125 0.37126000000000003 0.2677177171875 0.37452 0.26282282343749996 0.3754 0.2490390390625 0.37422 0.2343543546875 0.36384 0.23078078125 0.35614 0.241921921875 0.35644 0.2757357359375 0.34931999999999996 0.2770570578125 0.34192 0.291291290625 0.34874 0.29528528593750003 0.35496 0.2984084078125 0.36206 0.29219219218750003
0 0.41068 0.512852853125 0.4162 0.5112012015625 0.42392 0.5103603609375 0.42447999999999997 0.494624625 0.42668 0.4656456453125 0.42668 0.4482582578125 0.42502000000000006 0.43333333281249997 0.41896000000000005 0.4275375375 0.41068 0.4275375375 0.40957999999999994 0.42918918906250003 0.40462 0.43831831875000005 0.4013 0.46150150156249997 0.40352 0.4747447453125 0.4013 0.4755855859375 0.39248 0.480540540625 0.39082 0.49711711718749996 0.39580000000000004 0.5070570578125 0.4002 0.512852853125 0.41068 0.512852853125
0 0.79304 0.5223423421875 0.8055199999999999 0.5223423421875 0.818 0.524684684375 0.818 0.5363963968750001 0.82112 0.57153153125 0.83288 0.569309309375 0.83288 0.5505705703125 0.8469200000000001 0.54354354375 0.8469200000000001 0.5341741734375 0.84536 0.5177777781249999 0.84536 0.5014114109375 0.84224 0.46861861875 0.82822 0.45690690624999997 0.8297800000000001 0.44285285312499995 0.8266600000000001 0.42411411406250005 0.82042 0.40771771718750005 0.81418 0.410060059375 0.8063800000000001 0.4170870875 0.8032600000000001 0.43348348281250004 0.8032600000000001 0.45456456406249995 0.7939 0.4662762765625 0.78454 0.4803303296875 0.7868 0.48021021093750005 0.7899200000000001 0.49192192187500006 0.79304 0.5223423421875
0 0.3651 0.600240240625 0.364904 0.60800600625 0.356996 0.6203123125000001 0.34900000000000003 0.6178078078125 0.33972 0.6442042046875 0.34118 0.644924925 0.349088 0.63261861875 0.35337999999999997 0.6471321328124999 0.36558 0.6493393390625 0.4305 0.6478678671875 0.42512 0.616366365625 0.41390000000000005 0.5987687687500001 0.39536 0.5987687687500001 0.40952 0.5701801796875 0.40902000000000005 0.5372072078125 0.39878 0.526216215625 0.38706 0.526216215625 0.37632 0.535015015625 0.37388 0.5614114109375 0.38072 0.58339339375 0.37281200000000003 0.5956997 0.3651 0.600240240625
0 0.33254 0.6490390390624999 0.34386 0.6490390390624999 0.3418 0.6273873875 0.33564 0.6134834828125 0.33358 0.5872072078125 0.33254 0.5640240234375 0.32122 0.5485585578125 0.3068 0.5593994 0.30886 0.5794894890625 0.30578 0.6026726734375 0.2924 0.6212012015624999 0.28416 0.642852853125 0.29857999999999996 0.6552252249999999 0.30166 0.65675675625 0.31504 0.6505705703125 0.33254 0.6490390390624999
0 0.0842 0.64138138125 0.07762 0.595465465625 0.0848 0.5801501499999999 0.0848 0.528858859375 0.06802 0.5153453453125 0.06802 0.49285285312499993 0.060840000000000005 0.47396396406249997 0.04404 0.4649549546875 0.04044 0.48474474531249995 0.04284 0.51354354375 0.02426 0.5225525531249999 0.01886 0.5576576578125 0.03686 0.5792492499999999 0.027860000000000003 0.64138138125 0.0842 0.64138138125
0 0.32744 0.252372371875 0.31666 0.24387387343750003 0.31922 0.22384384375000002 0.31358 0.22078078125 0.3064 0.22078078125 0.30332 0.2323423421875 0.30588000000000004 0.2508108109375 0.29100000000000004 0.25774774843750003 0.28124 0.2754954953125 0.2833 0.29936936875 0.29460000000000003 0.3032132125 0.30076 0.31555555625 0.3146 0.314774775 0.32436 0.3032132125 0.32026 0.2785585578125 0.32128 0.2731831828125 0.32128 0.263933934375 0.32744 0.252372371875
0 0.3752 0.40429429375000003 0.38264 0.40036036093750005 0.39094 0.356366365625 0.38702000000000003 0.34060060000000003 0.38482 0.337297296875 0.37696 0.3366666671875 0.36907999999999996 0.332702703125 0.3739 0.324834834375 0.37346 0.3084084078125 0.3669 0.29462462500000003 0.35684 0.29528528593750003 0.35158 0.30645645625 0.34940000000000004 0.317597596875 0.35508 0.3366666671875 0.33672 0.35111111093749997 0.33321999999999996 0.37015015 0.33102 0.3996997 0.33802 0.4102102109375 0.37346 0.4102102109375 0.3752 0.40429429375000003
0 0.5 0.39453125 0.99609375 0.48359375