0 0.07265625 0.7265625 0.08203125 0.16484375
0 0.19453125 0.66328125 0.1296875 0.15546875
0 0.3328125 0.60703125 0.1015625 0.1359375
0 0.43125 0.5640625 0.10078125 0.12890625
0 0.52890625 0.52421875 0.07734375 0.14921875
0 0.60546875 0.48984375 0.0765625 0.1171875
0 0.6796875 0.45234375 0.078125 0.09921875
0 0.74375 0.43359375 0.06015625 0.10625
0 0.7953125 0.39765625 0.065625 0.090625
0 0.25625 0.75625 0.11953125 0.10546875
0 0.29296875 0.82265625 0.109375 0.08984375
0 0.31875 0.88671875 0.121875 0.146875
0 0.36015625 0.94921875 0.1421875 0.0953125
0 0.50625 0.67578125 0.12578125 0.14609375
0 0.61796875 0.621875 0.09921875 0.1390625
0 0.71484375 0.55234375 0.0984375 0.096875
0 0.83359375 0.4953125 0.07734375 0.084375
0 0.90546875 0.4421875 0.06171875 0.0890625
0 0.95546875 0.56640625 0.0875 0.1046875
0 0.8046875 0.6078125 0.109375 0.1390625
0 0.7140625 0.7078125 0.115625 0.15546875
0 0.60859375 0.803125 0.12890625 0.2
0 0.7203125 0.9140625 0.13046875 0.140625
0 0.8265625 0.8 0.08125 0.15
0 0.91171875 0.7 0.065625 0.1390625