0 0.884375 0.69296875 0.2203125 0.18125
0 0.8921875 0.89296875 0.215625 0.165625
0 0.6234375 0.69140625 0.184375 0.159375
0 0.621875 0.66015625 0.1671875 0.1109375
0 0.8859375 0.44609375 0.1828125 0.078125
0 0.8828125 0.48046875 0.2203125 0.1625
0 0.6328125 0.44765625 0.1546875 0.08125
0 0.63671875 0.475 0.1765625 0.1453125
0 0.37421875 0.44375 0.1546875 0.0859375
0 0.38984375 0.48125 0.196875 0.1625
0 0.14609375 0.4453125 0.1359375 0.0796875
0 0.1453125 0.48046875 0.1625 0.1625
0 0.3640625 0.259375 0.159375 0.0765625
0 0.37734375 0.30546875 0.196875 0.165625
0 0.6390625 0.26953125 0.153125 0.1078125
0 0.6359375 0.26953125 0.2 0.14375
0 0.88359375 0.25078125 0.1828125 0.103125
0 0.8984375 0.28203125 0.203125 0.1578125
0 0.115625 0.25703125 0.1625 0.0828125
0 0.12578125 0.28828125 0.2015625 0.128125
0 0.8875 0.059375 0.2 0.0828125
0 0.8859375 0.08359375 0.1921875 0.15625
0 0.6359375 0.05703125 0.1828125 0.075
0 0.621875 0.090625 0.2171875 0.1296875
0 0.3671875 0.05625 0.153125 0.065625
0 0.3671875 0.09296875 0.225 0.14375
0 0.1078125 0.0546875 0.1703125 0.0921875
0 0.10703125 0.09140625 0.171875 0.16875
0 0.1171875 0.65234375 0.2296875 0.0875
0 0.11953125 0.678125 0.2390625 0.15
0 0.37109375 0.65 0.2 0.0984375
0 0.375 0.68515625 0.196875 0.159375
0 0.6328125 0.846875 0.175 0.071875
0 0.63515625 0.8875 0.184375 0.1515625
0 0.3703125 0.85703125 0.1390625 0.075
0 0.3734375 0.88671875 0.1796875 0.134375
0 0.12734375 0.85546875 0.2046875 0.0984375
0 0.12578125 0.87578125 0.2015625 0.1625
0 0.88828125 0.85234375 0.18125 0.06875