2 0.86015625 0.72890625 0.2421875 0.5421875
2 0.71875 0.8375 0.084375 0.1921875
2 0.12109375 0.91484375 0.075 0.1671875
2 0.9640625 0.7390625 0.071875 0.521875
2 0.67109375 0.85859375 0.0546875 0.159375
2 0.3625 0.88515625 0.0875 0.209375
2 0.54375 0.87265625 0.046875 0.1125
2 0.0375 0.89765625 0.075 0.203125
2 0.20625 0.90234375 0.0375 0.121875
2 0.27890625 0.86875 0.0921875 0.221875
2 0.45234375 0.87109375 0.034375 0.15
2 0.48984375 0.87734375 0.0421875 0.1421875
2 0.59765625 0.84609375 0.05 0.1375